10
0 8420 3132 9215 4018 4289 3273 5708 3067 8369 3352 9979 6613
1 9198 3536 1055 6413 3536 5639 605 5216 1535 8166 2205 2365 8506 6063 3012 1534 2643 7791 6613 7438
2 6706 6409 9122 7617 5227 3478 214 5686 7430 732 4457 2288 4901 3936 2240
3 9031 6698 3316 4298 8032 2057 7422 6381 6328 4019 1781 9346 4234 6808 5677 6778 2240 7652
4 141 6140 4662 4738 2160 3101 7074 3770 8021 4918 8470 7212 3316 5458 1668 6613
5 5787 2002 4110 9028 3622 8219 8112 7470 1046 2929 9609 7379 9139 5715
6 3026 5646 3816 740 1881 9825 5650 6881 5099
7 8202 2208 113 1565 4545 3902 2900 48 5247 683 6834 8167 583 8005
8 3650 6242 3646 5155 9822 7783 6804 4470 3011 7660 2986 79
9 4554 5523 2672 9421 6930 2130 9245 5489 1714 3064 412 9990