10
0 2821 6919 8122 6299 2671 3366 4733 6731 6898 9046 8984 6858 4701 7746 6722 9467 8414 6451 2347 5403 4646 5409 9624 6919 6031 3548 4670 4909 9949 9448 8545 3431 3881 4764 1419 211 8499 183 2996 5742 2787 902 3524 6448 4205 9909 9934 9148 821 8263 9813 3847 5796 9271 2078 6759 1590 4740 5498 2436 8742 7928 8140 9487 4245 8619 7740 1435 7622 7338 8321 1714 1657 7884 520 8719 8662 1826 3167 501 774 1022 8044 4563 3644 6203 299 9026 9492
1 1138 3956 916 463 6640 922 9515 68 7001 2131 4810 8414 8811 1564 6165 9828 3812 4263 6503 2708 8345 8300 7861 829 700 6112 8126 1511 7988 9269 6069 2566 3760 8373 8649 8767 4150 4920 7387 1093 8273 9645 4992 9104 4919 3260 2896 2789 2605 7909 6999 8191 6579 4107 9939 627 1163 55 785 5348 3599 2256 3914 3128 835 4324 4571 7425 4487 5069 4368 4831 4881 1593 2325 2053 1510 1767 2220 9115 8953 6869 8084 6280 8473 906 7553 2161 5593 8238 4034 7352 622 6190 9825
2 3180 7532 3472 7462 1327 3757 8093 8730 9941 2682 9314 9060 969 6359 559 3895 9923 7115 9546 619 6501 6092 8875 8491 7968 6106 3148 2628 5297 4254 43 9211 1182 3277 2097 5419 3828 7840 2236 9620 3697 1570 4377 9802 1220 6916 877 8217 7131 6319 9774 6037 7716 1453 8932 5109 5673 8507 512 453 8130 6097 6451 5674 2871 9679 840 3151 2799 1173 3196 7012 1077 4789 9757 78 2406 6313 3865 6105 161 2451 9288 401 428 7336 2025 9709 8431 1472 5642 9931 4999 992 1043 8762 8394 9851 680 9080
3 3872 8987 4863 1634 3774 5459 1341 6111 4428 622 43 8850 9860 8199 5339 7959 4578 598 9958 4224 3201 4765 242 8418 9223 9219 4182 4964 3336 9504 4396 1670 6686 4804 2520 9760 8072 4775 3089 5208 8968 4490 1168 6622 1252 3006 4219 5725 1352 2713 3144 5167 2333 2186 2028 5247 8811 4212 9829 3729 5595 9260 5796 6268 522 4125 8279 2847 8571 4296 8730 9354 4745 4001 7271 1562 3147 6652 8929 564 1090 7741 458 6787 8645 6689 3575 1761 9081 5753 3384 9145 1924 8497 148 8772 9032 3433 4935 1872 3442 9661
4 9644 1646 989 2309 4579 2872 1454 4565 4988 7073 4724 6364 6203 7387 2958 4506 744 5590 5078 3792 5027 9604 9675 5157 3637 3616 2610 8922 1473 9191 4673 4144 7337 2924 7495 3261 9968 5230 713 946 2560 5052 9715 8557 9470 9326 4437 6567 1300 9577 2553 6215 2416 4946 6517 8358 1088 2677 5453 3623 1536 7423 9179 5772 4463 9938 3314 706 7740 6411 3829 7494 6304 8017 5283 5630 6703 564 1252 6518 1932 9003 3830 5562 6836 4979 7747 6763 767 2601 1339 4460 8611 2676 7628
5 7064 9690 6691 5746 7669 8437 6657 6470 8956 9078 896 9972 2738 4296 8060 7962 545 14 3922 6943 6423 3627 1392 3008 4332 7523 545 4262 7029 8378 3344 2197 2038 5431 5281 1489 8030 561 4318 2202 3316 4601 6810 2027 4124 3872 6158 1495 183 5170 5631 2559 4032 6865 2536 2343 5698 2573 3549 8520 4523 656 7318 5357 2937 6091 8130 4201 6701 2166 4083 857 8296 7271 5802 4400 3052 3471 982 9077 931 726 7896 6236 6781 5226 3083 4266 4769 6093 8885 297 3446 116 7116 7016 334 4352 6144
6 645 923 6107 2639 5897 9322 5990 8608 2623 1449 7597 3059 1723 7413 2560 5225 6479 2764 8700 7628 9762 4705 6097 8972 9806 2511 5689 5761 1657 2226 2590 7204 7819 416 5193 5215 8672 4277 3612 2175 3520 4180 6643 3732 1979 7472 3007 2855 3374 5093 4875 5901 310 3327 5833 1758 2230 8010 3637 7921 3321 3834 5416 2806 2688 6872 568 9426 5703 5988 3843 7204 1457 3777 5068 1058 1906 3330 9129 5812 2142 6773 7596 310 36 1744 256 293 6623 2719 7795 8588 4957
7 7813 7151 548 2970 9833 9585 2614 7592 8482 5983 2283 3568 73 1068 4477 7032 3147 793 241 1163 1674 5664 968 8255 1808 8674 6523 9549 6526 8325 9158 823 358 4909 3644 5514 2046 2286 1120 1320 8430 1195 3631 3379 293 8649 8270 4777 3379 3374 7953 9559 2212 5043 5526 3771 3100 2679 7815 6331 3607 9505 6428 7627 2136 3480 6039 5938 323 9831 8147 8024 3914 6373 9916 3457 6364 7845 34 9790 2273 2843 2525 7106 9068 3371 5804 9609 8977 3500 4247 4490 4128 6102 2610 2641 412 4396 4278 3356 6584 4501 281 692 962 6140 4112
8 5544 6135 7428 263 9520 6517 1090 9425 4087 2597 1695 9216 6487 2478 5803 156 5146 3443 2508 3223 1856 5415 1178 8392 7789 8093 8502 4330 6707 5620 7376 4018 651 173 1015 9782 3065 8496 1163 7984 3051 6337 4953 4618 7368 2184 4890 6347 402 6832 2655 210 8559 5070 858 9326 5830 6807 7493 2150 2178 1927 6739 7496 1086 9252 2553 7501 2805 7935 9027 977 5924 6370 6471 5488 6678 8900 97 6778 5082 6709 8064 1704 6924 5451 8344 6895 9108 2014 3393 8980 2771 2862 7253 4071 2338 8880 6955 3637 1854 341 4866 2443 4735 1545 143 6857 3385 4174 5107 7811
9 2213 6342 578 9600 9549 3483 7739 2429 4386 4143 4318 8175 645 374 774 8 9845 5618 5484 1858 9751 9266 4521 4160 6501 2401 492 744 6444 9314 7413 856 2214 4959 6879 2337 9288 4398 9039 9894 2669 8472 1205 6178 5465 1084 7207 2917 9928 2138 4370 96 8585 8532 9179 7253 2066 3039 3671 428 4483 5214 712 4954 3408 9907 6255 507 7463 4080 668 4405 1645 6008 846 8960 9751 7920 3845 1806 8710 3102 5883 7042 6855 5175 6394 9376 1052 9078 6124 7424 6006 9437 7910 3235 5965 3426 7557 574 3484 4420 1091 2361 3796 5800 1286 6014 5893