10
0 14 952 127 2 1051 5 2 0 2281 55 6 128 1 180 2 107 0 4 362 0 518 160 3 0 2 2 149 26 764
1 724 175 0 5 769 139 1 67 59 216 33 3044 37 13 32 172 2492 3726 160 115 2 287 550 9575 5294 1 7 4 0 1579 19 3160 138 708
2 1 1 0 4 751 0 0 26 0 40 7 0 2450 6 4 2 9804 45 136 863 3573 7559 7479 12 108 56 2425 2 121 4997 6138
3 89 0 15 4818 10 3 1394 160 1797 9248 0 149 22 66 1292 1 26 4 1864 3575 1253 131 0 0 124 15 2 249 30 5463 14 8 121 5921 1290
4 10 0 145 150 20 2 1 3911 187 1857 0 1201 53 758 261 8 13 947 23 0 19 3 183 894 0 0 344 2 9 28
5 204 586 20 22 214 21 0 3 437 478 2726 5195 0 11 66 1 0 585 1 1867 11 202 0 0 3 2 6 3475 1387
6 0 3558 377 20 288 181 1 52 2 3 8906 0 8 38 0 1 9 39 0 5 118 623 48 7 48 133 57 1 23 211 4768 1671
7 0 0 1851 4 3 7480 360 23 3009 12 2 0 10 1540 1 26 2 1215 822 0 0 80 0 20 1 1224 126 6747 9 131 11 27 1290 1310
8 286 0 25 590 5 28 6 22 158 0 1888 382 1553 5459 50 1 217 2 1 0 1 441 31 71 0 19 1 7056 426 16
9 3 36 5485 2 2 0 1 1 0 2 362 0 6 0 1039 3 975 1756 0 0 0 524 6705 2 25 1 5526 120 621 7585